1	10586764889_0070207311	0.000000	39.000000	0.000000	0.000000	0	0.000000	0	1
2	10579255113_0070136887	2.000000	99.000000	0.000000	100.000000	0	0.741230	1	1
3	10579255387_0070136887	3.000000	99.000000	0.000260	100.000000	0	0.741230	1	1
4	10579254798_0070136887	2.000000	99.000000	0.000620	100.000000	0	0.741230	1	1
5	10581557541_0070085657	27.000000	99.000000	0.005400	0.000000	0	0.718710	1	1
6	10579257023_0070136887	8.000000	109.000000	0.000450	100.000000	0	0.741230	1	1
7	128528685_0070069559	10.000000	109.000000	0.001760	97.000000	210	0.677380	1	1
8	10579259102_0070136887	3.000000	109.000000	0.000150	100.000000	0	0.741230	1	1
9	10579258657_0070136887	2.000000	109.000000	0.000150	100.000000	0	0.741230	1	1
10	679722647_0070136887	45.000000	119.000000	0.007060	99.000000	353	0.741230	1	1
11	193145364_0070071513	4.000000	119.000000	0.001080	99.000000	242	0.661690	1	1
12	619822183_0070071513	0.000000	148.000000	0.000170	100.000000	17	0.661690	1	1
13	10061713545_0070069559	4.000000	149.000000	0.000540	97.000000	210	0.677380	1	1
14	171016133_0070136887	1.000000	159.000000	0.000560	98.000000	70	0.741230	1	1
15	161712636_0070214496	42.000000	179.000000	0.007530	100.000000	5	0.000000	1	1
16	104971563_0000000000	4558.000000	179.000000	1.043052	97.000000	61874	1.000000	1	1
17	101837675_0070217181	10.000000	188.000000	0.002210	100.000000	3	0.000000	1	1
18	10264086134_0070203510	95.000000	189.000000	0.015430	99.000000	483	0.000000	1	1
19	161712636_0000000000	320.000000	189.000000	0.048210	98.000000	1901	1.000000	1	1
20	121099984_0070205662	0.000000	189.000000	0.000110	0.000000	0	0.000000	1	1
21	121134104_0070136754	5.000000	189.000000	0.001360	100.000000	2	0.642900	1	1
22	101837675_0070136754	0.000000	189.000000	0.000000	100.000000	2	0.642900	1	1
23	101837675_0070207109	12.000000	189.000000	0.002650	100.000000	1	0.000000	1	1
24	165561229_0070207109	1.000000	189.000000	0.000210	0.000000	0	0.000000	1	1
25	140270251_0070188725	33.000000	189.000000	0.005180	100.000000	144	0.000000	1	1
26	655898809_0070163191	136.000000	189.000000	0.022300	99.000000	1450	0.783330	1	1
27	10534291511_0070205662	2.000000	199.000000	0.000380	0.000000	0	0.000000	1	1
28	101837675_0070212595	1.000000	199.000000	0.000300	100.000000	0	0.000000	1	1
29	169956356_0070085046	1.000000	199.000000	0.000000	99.000000	1047	0.859280	1	1
30	101837675_0000000000	944.000000	199.000000	0.287064	98.000000	24012	1.000000	1	1
31	174860332_0070079153	1.000000	199.000000	0.000130	100.000000	6	0.689120	1	1
32	10162357080_0070226792	0.000000	199.500000	0.000000	0.000000	0	0.000000	1	1
33	10483907539_0070207849	0.000000	206.699997	0.000000	0.000000	0	0.000000	1	1
34	10575399209_0070170368	0.000000	209.000000	0.000110	99.000000	576	0.000000	1	1
35	632002424_0070163204	9.000000	209.000000	0.002064	93.000000	27	0.573600	1	1
36	149953295_0070203510	35.000000	219.000000	0.007130	100.000000	87	0.000000	1	1
37	655893916_0070163191	78.000000	219.000000	0.015768	99.000000	1450	0.783330	1	1
38	102666400_0000000000	3830.000000	229.000000	1.020900	97.000000	61874	1.000000	1	1
39	132302768_0070188725	40.000000	229.000000	0.006750	99.000000	88	0.000000	1	1
40	10091365374_0070069559	0.000000	238.000000	0.000270	100.000000	13	0.677380	1	1
41	187185748_0000000000	654.000000	239.000000	0.140600	98.000000	2971	1.000000	1	1
42	127390720_0000000000	1743.000000	239.000000	0.443508	97.000000	61874	1.000000	1	1
43	10522675986_0070163191	55.000000	239.000000	0.010890	99.000000	1450	0.783330	1	1
44	128630324_0000000000	452.000000	249.000000	0.116868	98.000000	10641	1.000000	1	1
45	141849483_0070188725	10.000000	249.000000	0.002530	100.000000	89	0.000000	1	1
46	102579348_0070136754	6.000000	249.000000	0.000570	100.000000	2	0.642900	1	1
47	620334249_0070083802	1.000000	258.000000	0.001300	100.000000	324	0.721580	1	1
48	187185748_0070203772	15.000000	259.000000	0.002770	100.000000	54	0.000000	1	1
49	132751695_0070085046	17.000000	259.000000	0.002960	99.000000	1047	0.859280	1	1
50	131814380_0070099305	0.000000	259.000000	0.000030	89.000000	9	0.663070	1	1
51	132751695_0070207109	12.000000	259.000000	0.001950	100.000000	2	0.000000	1	1
52	10547293511_0070176665	0.000000	259.000000	0.000000	0.000000	0	0.000000	1	1
53	187185748_0070226792	0.000000	269.000000	0.000000	0.000000	0	0.000000	1	1
54	132751695_0070147891	0.000000	269.000000	0.000000	0.000000	0	0.843190	1	1
55	167650322_0070205662	0.000000	269.000000	0.000000	0.000000	0	0.000000	1	1
56	132751695_0070188986	0.000000	269.000000	0.000000	0.000000	0	0.000000	1	1
57	674839322_0070161976	0.000000	275.000000	0.000000	0.000000	0	0.707160	1	1
58	743085448_0070158286	0.000000	275.000000	0.000000	0.000000	0	0.753480	1	1
59	150530801_0070203510	37.000000	279.000000	0.007780	99.000000	105	0.000000	1	1
60	651797298_0070188725	32.000000	279.000000	0.018920	100.000000	84	0.000000	1	1
61	641669718_0070136754	2.000000	279.000000	0.000670	100.000000	2	0.642900	1	1
62	141068026_0070188986	0.000000	289.000000	0.000000	0.000000	0	0.000000	1	1
63	141068026_0070207109	0.000000	289.000000	0.000000	0.000000	0	0.000000	1	1
64	133412552_0070163204	0.000000	289.000000	0.000000	0.000000	0	0.573600	1	1
65	141068026_0070085046	0.000000	289.000000	0.000010	99.000000	1047	0.859280	1	1
66	10059509953_0070096367	2.000000	289.000000	0.000250	100.000000	6	0.821480	1	1
67	821614912_0070173359	0.000000	289.000000	0.000000	0.000000	0	0.000000	1	1
68	131818643_0070099305	2.000000	289.000000	0.000230	0.000000	0	0.663070	1	1
69	792860003_0070163191	11.000000	299.000000	0.002190	99.000000	1450	0.783330	1	1
70	659973808_0070166749	7.000000	299.000000	0.000750	100.000000	19	0.614410	1	1
71	665052752_0070064923	31.000000	299.000000	0.005004	99.000000	398	0.859790	1	1
72	615354033_0000000000	493.000000	299.000000	0.121440	98.000000	10641	1.000000	1	1
73	10534292059_0070205662	0.000000	299.000000	0.000000	0.000000	0	0.000000	1	1
74	10160044879_0070138280	0.000000	299.000000	0.000110	100.000000	1	0.720660	1	1
75	142085911_0070188986	1.000000	299.000000	0.000230	0.000000	0	0.000000	1	1
76	126079119_0070163191	784.000000	299.000000	0.170820	100.000000	127	0.783330	1	1
77	621856505_0070089953	3.000000	299.000000	0.000640	98.000000	49	0.776410	1	1
78	136235237_0070064442	3.000000	299.000000	0.000960	100.000000	11	0.756550	1	1
79	144434699_0070085046	0.000000	299.000000	0.000610	99.000000	1047	0.859280	1	1
80	824035780_0070188725	17.000000	299.000000	0.003730	100.000000	142	0.000000	1	1
81	187185748_0070135076	3.000000	299.000000	0.000770	98.000000	127	0.692000	1	1
82	10562052807_0070136887	4.000000	299.000000	0.000420	100.000000	1	0.741230	1	1
83	187185748_0070089953	1.000000	299.000000	0.000880	96.000000	194	0.776410	1	1
84	10562053153_0070136887	4.000000	299.000000	0.000564	100.000000	1	0.741230	1	1
85	125135576_0070203510	23.000000	299.000000	0.005390	100.000000	104	0.000000	1	1
86	166515657_0070096367	2.000000	299.000000	0.000610	100.000000	79	0.821480	1	1
87	10545425676_0070069559	8.000000	299.000000	0.002190	100.000000	4	0.677380	1	1
88	792860003_0070188725	80.000000	299.000000	0.016070	100.000000	114	0.000000	1	1
89	133212559_0070081454	0.000000	299.000000	0.000010	50.000000	2	0.741350	1	1
90	621856505_0070138280	0.000000	299.000000	0.000000	0.000000	0	0.720660	1	1
91	133412552_0070064923	4.000000	299.000000	0.000250	100.000000	7	0.859790	1	1
92	826259474_0070163191	3.000000	299.000000	0.000630	94.000000	18	0.783330	1	1
93	133412552_0070219992	1.000000	299.000000	0.000000	0.000000	0	0.000000	1	1
94	166515657_0070163204	0.000000	299.000000	0.000144	100.000000	1	0.573600	1	1
95	123972378_0070159435	9.000000	299.000000	0.001510	100.000000	5	0.674500	1	1
96	142085911_0070207109	0.000000	299.000000	0.000000	0.000000	0	0.000000	1	1
97	10160044879_0070219992	0.000000	299.000000	0.000000	0.000000	0	0.000000	1	1
98	781640866_0070175074	0.000000	308.000000	0.000120	95.000000	21	0.000000	1	1
99	659973808_0000000000	176.000000	309.000000	0.045860	98.000000	2971	1.000000	1	1
100	792930909_0070175074	0.000000	314.000000	0.000000	95.000000	21	0.000000	1	1
101	155831577_0070207109	0.000000	319.000000	0.000000	0.000000	0	0.000000	1	1
102	155831577_0070085046	7.000000	319.000000	0.001330	99.000000	1047	0.859280	1	1
103	781890903_0070175074	0.000000	322.000000	0.000170	95.000000	21	0.000000	1	1
104	619577281_0070136754	0.000000	329.000000	0.000110	100.000000	2	0.642900	1	1
105	155831577_0070147891	0.000000	329.000000	0.000000	0.000000	0	0.843190	1	1
106	623774423_0070219992	0.000000	329.000000	0.000000	0.000000	0	0.000000	1	1
107	140617973_0070106378	7.000000	329.000000	0.002830	98.000000	311	0.850320	1	1
108	10162357150_0070177476	0.000000	329.000000	0.000110	100.000000	33	0.000000	1	1
109	10247987764_0000000000	256.000000	329.000000	0.079476	98.000000	2971	1.000000	1	1
110	141068026_0070081454	0.000000	329.000000	0.000000	0.000000	0	0.741350	1	1
111	136317051_0070136754	7.000000	329.000000	0.001920	100.000000	2	0.642900	1	1
112	121138590_0070163191	655.000000	339.000000	0.124780	100.000000	84	0.783330	1	1
113	137884862_0070188725	91.000000	339.000000	0.022836	99.000000	365	0.000000	1	1
114	615578285_0070138280	0.000000	339.000000	0.000020	100.000000	6	0.720660	1	1
115	187282057_0070163204	0.000000	339.000000	0.000010	67.000000	3	0.573600	1	1
116	615912569_0070096367	2.000000	339.000000	0.000860	98.000000	183	0.821480	1	1
117	619577281_0070115165	0.000000	339.000000	0.000020	100.000000	6	0.892010	1	1
118	619577281_0070157217	60.000000	339.000000	0.010980	98.000000	169	0.831620	1	1
119	619577281_0070212595	5.000000	339.000000	0.001308	0.000000	0	0.000000	1	1
120	152507089_0070085046	23.000000	339.000000	0.004220	99.000000	1047	0.859280	1	1
121	604130238_0070085856	0.000000	349.000000	0.000010	100.000000	4	0.675380	1	1
122	10571253971_0000000000	284.000000	349.000000	0.032590	98.000000	85733	1.000000	1	1
123	155831577_0070188986	0.000000	349.000000	0.000000	0.000000	0	0.000000	1	1
124	10160044879_0070177476	1.000000	349.000000	0.000576	100.000000	33	0.000000	1	1
125	637619945_0070158362	0.000000	360.000000	0.000110	0.000000	0	0.678940	1	1
126	168912915_0070188986	3.000000	369.000000	0.000900	100.000000	1	0.000000	1	1
127	168912915_0070207109	0.000000	369.000000	0.000000	0.000000	0	0.000000	1	1
128	168912915_0070147891	1.000000	369.000000	0.000030	100.000000	7	0.843190	1	1
129	149614202_0070188725	45.000000	369.000000	0.011130	99.000000	111	0.000000	1	1
130	161816265_0070188986	0.000000	369.000000	0.000000	0.000000	0	0.000000	1	1
131	132310480_0070203510	56.000000	369.000000	0.014210	99.000000	483	0.000000	1	1
132	161816265_0070207109	1.000000	369.000000	0.000000	0.000000	0	0.000000	1	1
133	10541837868_0070144746	2.000000	379.000000	0.000270	100.000000	1013	0.631260	1	1
134	101344866_0070203510	29.000000	379.000000	0.008480	100.000000	109	0.000000	1	1
135	615912768_0070203510	47.000000	379.000000	0.012630	100.000000	122	0.000000	1	1
136	160354483_0000000000	170.000000	379.000000	0.065292	98.000000	10641	1.000000	1	1
137	173149500_0070136754	1.000000	379.000000	0.000000	100.000000	2	0.642900	1	1
138	619823777_0070158362	0.000000	380.000000	0.000000	0.000000	0	0.678940	1	1
139	10483920374_0070207849	1.000000	388.700012	0.000000	0.000000	0	0.000000	1	1
140	672087938_0070188725	7.000000	389.000000	0.002200	100.000000	81	0.000000	1	1
141	126999149_0070203510	43.000000	389.000000	0.011630	100.000000	104	0.000000	1	1
142	138805224_0070188725	86.000000	389.000000	0.022480	99.000000	219	0.000000	1	1
143	149978899_0070188725	25.000000	389.000000	0.007670	100.000000	162	0.000000	1	1
144	861249908_0070217181	36.000000	389.000000	0.007530	100.000000	1	0.000000	1	1
145	126787572_0070188725	3.000000	389.000000	0.001010	100.000000	22	0.000000	1	1
146	623838650_0000000000	6.000000	397.200012	0.002050	93.000000	103	1.000000	1	1
147	127847396_0070090301	1.000000	398.000000	0.000400	98.000000	55	0.644230	1	1
148	619577281_0070188986	0.000000	399.000000	0.000120	100.000000	3	0.000000	1	1
149	132815741_0070099305	0.000000	399.000000	0.000260	0.000000	0	0.663070	1	1
150	166515657_0070135076	0.000000	399.000000	0.000270	93.000000	77	0.692000	1	1
151	621144646_0070068137	0.000000	399.000000	0.000010	0.000000	0	0.628210	1	1
152	619822172_0070100321	0.000000	399.000000	0.000020	100.000000	66	0.739480	1	1
153	621144646_0070085856	0.000000	399.000000	0.000000	0.000000	0	0.675380	1	1
154	187282057_0070219992	0.000000	399.000000	0.000110	0.000000	0	0.000000	1	1
155	10483839384_0070212595	4.000000	399.000000	0.000980	0.000000	0	0.000000	1	1
156	619577281_0070207109	0.000000	399.000000	0.000000	0.000000	0	0.000000	1	1
157	677655577_0070170368	1.000000	399.000000	0.001580	99.000000	576	0.000000	1	1
158	617158309_0070064923	2.000000	399.000000	0.000580	100.000000	18	0.859790	1	1
159	187282057_0070219864	0.000000	399.000000	0.000000	0.000000	0	0.000000	1	1
160	136317051_0070212595	0.000000	399.000000	0.000132	100.000000	1	0.000000	1	1
161	10118918223_0070188725	28.000000	399.000000	0.006770	100.000000	141	0.000000	1	1
162	655895857_0000000000	186.000000	399.000000	0.052812	98.000000	1349	1.000000	1	1
163	120791126_0000000000	2481.000000	399.000000	0.903900	98.000000	85733	1.000000	1	1
164	169884618_0070159435	4.000000	399.000000	0.000060	100.000000	19	0.674500	1	1
165	621144646_0070135076	1.000000	399.000000	0.000280	0.000000	0	0.692000	1	1
166	642408022_0070162791	7.000000	399.000000	0.000690	98.000000	49	0.715290	1
167	655895857_0070163191	16.000000	399.000000	0.007560	99.000000	1450	0.783330	1
168	128472072_0070188725	37.000000	399.000000	0.008950	100.000000	107	0.000000	1
169	659744078_0070163191	21.000000	399.000000	0.003970	100.000000	72	0.783330	1
170	121138651_0000000000	1539.000000	399.000000	0.650196	98.000000	85733	1.000000	1
171	10160126976_0070177476	32.000000	399.000000	0.008004	99.000000	216	0.000000	1
172	655896006_0070163191	2.000000	399.000000	0.001392	99.000000	1450	0.783330	1
173	619822172_0070175915	0.000000	399.000000	0.000000	0.000000	0	0.000000	1
174	138153139_0070081454	0.000000	399.000000	0.000010	75.000000	4	0.741350	1
175	666159616_0070065350	0.000000	399.000000	0.000180	99.000000	193	0.721510	1
176	176384974_0070163191	5.000000	399.000000	0.001610	97.000000	29	0.783330	1
177	621144646_0070089953	0.000000	399.000000	0.000000	0.000000	0	0.776410	1
178	132351195_0070203510	57.000000	399.000000	0.014570	99.000000	483	0.000000	1
179	166515657_0070089953	0.000000	399.000000	0.000210	95.000000	63	0.776410	1
180	126717584_0000000000	103.000000	419.000000	0.035350	97.000000	61874	1.000000	1
181	628203267_0070207109	0.000000	429.000000	0.000000	0.000000	0	0.000000	1
182	10458774065_0070144746	3.000000	429.000000	0.000960	100.000000	1013	0.631260	1
183	10524589726_0070166749	0.000000	429.000000	0.000000	100.000000	1	0.614410	1
184	127843224_0070154218	0.000000	439.000000	0.000110	0.000000	0	0.750040	1
185	628203267_0070188986	0.000000	439.000000	0.000000	0.000000	0	0.000000	1
186	10555973353_0070145003	0.000000	439.000000	0.000000	0.000000	0	0.712790	1
187	169963710_0070085046	4.000000	439.000000	0.000600	99.000000	1047	0.859280	1
188	10547097078_0000000000	10.000000	449.000000	0.003864	100.000000	1	1.000000	1
189	143736796_0070203510	17.000000	469.000000	0.004640	100.000000	88	0.000000	1
190	108039786_0070103522	0.000000	469.000000	0.000000	0.000000	0	0.660270	1
191	127843224_0070136754	0.000000	469.000000	0.000000	100.000000	2	0.642900	1
192	861249908_0070136754	0.000000	469.000000	0.000000	100.000000	2	0.642900	1
193	10014586109_0070173359	0.000000	469.000000	0.000000	0.000000	0	0.000000	1
194	191528135_0070188725	9.000000	469.000000	0.003060	100.000000	77	0.000000	1
195	668253929_0070161976	0.000000	469.000000	0.000000	0.000000	0	0.707160	1
196	10541169316_0070211950	0.000000	489.000000	0.000000	0.000000	0	0.000000	1
197	180137771_0070188986	3.000000	489.000000	0.001290	100.000000	146	0.000000	1
198	132408692_0070131788	1.000000	489.000000	0.000010	0.000000	1	0.752080	1
199	10545374335_0070136754	0.000000	489.000000	0.000000	100.000000	2	0.642900	1
200	178322960_0000000000	1106.000000	490.000000	0.442884	98.000000	10830	1.000000	1
201	10224375864_0070188725	24.000000	499.000000	0.007460	100.000000	131	0.000000	1
202	140430491_0070085046	8.000000	499.000000	0.001450	99.000000	1047	0.859280	1
203	623838650_0070068137	0.000000	499.000000	0.000010	100.000000	1	0.628210	1
204	10579318215_0070212595	0.000000	499.000000	0.000110	0.000000	0	0.000000	1
205	861249908_0070212595	0.000000	499.000000	0.000110	0.000000	0	0.000000	1
206	630838251_0070188725	31.000000	499.000000	0.027880	99.000000	170	0.000000	1
207	155494417_0070188725	185.000000	499.000000	0.054890	99.000000	282	0.000000	1
208	180137771_0070154004	3.000000	499.000000	0.000680	100.000000	23	0.716980	1
209	104070925_0070188725	5.000000	499.000000	0.000400	100.000000	22	0.000000	1
210	143222200_0070207109	0.000000	499.000000	0.000000	0.000000	0	0.000000	1
211	699987711_0070163191	1.000000	499.000000	0.000490	100.000000	19	0.783330	1
212	628490767_0070154004	0.000000	499.000000	0.000110	0.000000	0	0.716980	1
213	10555966165_0070145003	0.000000	499.000000	0.000000	0.000000	0	0.712790	1
214	10532447744_0000000000	78.000000	499.000000	0.021040	97.000000	61874	1.000000	1
215	808087422_0070188725	8.000000	499.000000	0.001930	100.000000	59	0.000000	1
216	126283992_0070163191	134.000000	499.000000	0.037910	99.000000	1450	0.783330	1
217	180137771_0070207109	0.000000	499.000000	0.000000	100.000000	1	0.000000	1
218	143222200_0070188986	0.000000	499.000000	0.000000	0.000000	0	0.000000	1
219	619867192_0070203510	13.000000	499.000000	0.006260	100.000000	97	0.000000	1
220	126889405_0070068137	0.000000	499.000000	0.000000	0.000000	0	0.628210	1
221	135179913_0070203510	51.000000	499.000000	0.016170	99.000000	483	0.000000	1
222	655895897_0070163191	0.000000	499.000000	0.000020	80.000000	5	0.783330	1
223	175076561_0000000000	1135.000000	499.000000	0.278352	98.000000	85733	1.000000	1
224	10563084970_0070188725	86.000000	499.000000	0.024040	100.000000	49	0.000000	1
225	614383233_0000000000	285.000000	499.000000	0.116316	98.000000	10830	1.000000	1
226	180137771_0070085046	17.000000	499.000000	0.003400	99.000000	1047	0.859280	1
227	808087422_0070163191	2.000000	499.000000	0.000408	100.000000	6	0.783330	1
228	139408865_0070081454	0.000000	499.000000	0.000010	0.000000	0	0.741350	1
229	167553146_0070144003	0.000000	518.000000	0.000010	100.000000	1	0.633580	1
230	10483897428_0070207849	0.000000	518.700012	0.000000	0.000000	0	0.000000	1
231	10483935326_0070207849	0.000000	518.700012	0.000000	0.000000	0	0.000000	1
232	743048916_0070158286	0.000000	528.000000	0.000000	0.000000	0	0.753480	1
233	10014008050_0070176665	0.000000	528.000000	0.000550	0.000000	0	0.000000	1
234	810220314_0070173359	0.000000	528.000000	0.000000	0.000000	0	0.000000	1
235	674915761_0070161976	0.000000	528.000000	0.000000	0.000000	0	0.707160	1
236	743088151_0070158286	0.000000	528.000000	0.000000	0.000000	0	0.753480	1
237	682439491_0070161976	0.000000	528.000000	0.000550	0.000000	0	0.707160	1
238	743053259_0070158286	0.000000	529.000000	0.000000	0.000000	0	0.753480	1
239	674070304_0070161976	0.000000	529.000000	0.000000	0.000000	0	0.707160	1
240	683833368_0070161976	0.000000	529.000000	0.000330	0.000000	0	0.707160	1
241	10521970322_0070144746	3.000000	529.000000	0.000440	100.000000	1013	0.631260	1
242	743055013_0070158286	0.000000	538.000000	0.000330	0.000000	0	0.753480	1
243	683805413_0070161976	0.000000	538.000000	0.000550	0.000000	0	0.707160	1
244	10458330528_0070144746	6.000000	539.000000	0.002490	100.000000	1013	0.631260	1
245	102897494_0070103522	1.000000	539.000000	0.000570	0.000000	0	0.660270	1
246	782314442_0070173359	0.000000	548.000000	0.000000	0.000000	0	0.000000	1
247	743078236_0070158286	0.000000	548.000000	0.000000	0.000000	0	0.753480	1
248	775500780_0070173359	0.000000	548.000000	0.000000	0.000000	0	0.000000	1
249	678585582_0070161976	0.000000	548.000000	0.000000	0.000000	0	0.707160	1
250	191475229_0070203510	43.000000	549.000000	0.015800	100.000000	112	0.000000	1
251	679340699_0070161976	0.000000	558.000000	0.000000	0.000000	0	0.707160	1
252	743076981_0070158286	0.000000	558.000000	0.000000	0.000000	0	0.753480	1
253	156192125_0070134364	0.000000	566.000000	0.000000	100.000000	0	0.704330	1
254	675953858_0070161976	0.000000	568.000000	0.000000	0.000000	0	0.707160	1
255	743092648_0070158286	0.000000	568.000000	0.000000	0.000000	0	0.753480	1
256	676281989_0070161976	0.000000	568.000000	0.000000	0.000000	0	0.707160	1
257	842787882_0070176665	0.000000	568.000000	0.000440	0.000000	0	0.000000	1
258	673595238_0070161976	0.000000	568.000000	0.000000	0.000000	0	0.707160	1
259	743089661_0070158286	0.000000	568.000000	0.000000	0.000000	0	0.753480	1
260	675927641_0070161976	0.000000	568.000000	0.000000	0.000000	0	0.707160	1
261	838910424_0070173359	0.000000	568.000000	0.000220	0.000000	0	0.000000	1
262	10020037015_0070176665	0.000000	568.000000	0.000000	0.000000	0	0.000000	1
263	10020045949_0070176665	0.000000	568.000000	0.000000	0.000000	0	0.000000	1
264	10491946561_0070207849	0.000000	570.700012	0.000000	0.000000	0	0.000000	1
265	10491917399_0070207849	0.000000	570.700012	0.000000	0.000000	0	0.000000	1
266	661685544_0070158286	0.000000	574.599976	0.000000	0.000000	0	0.753480	1
267	674830630_0070161976	0.000000	580.000000	0.000000	0.000000	0	0.707160	1
268	743085088_0070158286	0.000000	580.000000	0.000000	0.000000	0	0.753480	1
269	10491873011_0070207849	0.000000	583.700012	0.000000	0.000000	0	0.000000	1
270	102339695_0070131788	1.000000	588.000000	0.000470	0.000000	0	0.752080	1
271	679757818_0070161976	0.000000	588.000000	0.000000	0.000000	0	0.707160	1
272	743082075_0070158286	0.000000	588.000000	0.000000	0.000000	0	0.753480	1
273	674066215_0070161976	0.000000	598.000000	0.000000	0.000000	0	0.707160	1
274	743108025_0070158286	0.000000	598.000000	0.000000	0.000000	0	0.753480	1
275	842788803_0070176665	0.000000	598.000000	0.000000	0.000000	0	0.000000	1
276	144796057_0070092638	0.000000	599.000000	0.000020	100.000000	7	0.714650	1
277	10162357093_0070177476	0.000000	599.000000	0.000000	0.000000	0	0.000000	1
278	10160102454_0070177476	1.000000	599.000000	0.000550	100.000000	24	0.000000	1
279	642408001_0070162791	2.000000	599.000000	0.000790	100.000000	18	0.715290	1
280	616523864_0070163204	0.000000	599.000000	0.000000	100.000000	1	0.573600	1
281	628203267_0000000000	0.000000	599.000000	0.000040	100.000000	10	1.000000	1
282	651718550_0070166875	0.000000	599.000000	0.000120	100.000000	2	0.610670	1
283	660530860_0070162791	7.000000	599.000000	0.001080	97.000000	33	0.715290	1
284	10547097074_0000000000	31.000000	599.000000	0.009460	100.000000	17	1.000000	1
285	150974709_0070064923	0.000000	599.000000	0.000010	100.000000	3	0.859790	1
286	642408008_0070162791	0.000000	599.000000	0.000040	100.000000	12	0.715290	1
287	616523864_0070068137	0.000000	599.000000	0.000000	0.000000	0	0.628210	1
288	616523864_0000000000	10.000000	599.000000	0.004050	99.000000	922	1.000000	1
289	147919015_0070166749	0.000000	599.000000	0.000000	0.000000	0	0.614410	1
290	10088854800_0000000000	461.000000	599.000000	0.154248	98.000000	10830	1.000000	1
291	10176310766_0070065350	4.000000	599.000000	0.001570	100.000000	17	0.721510	1
292	616523864_0070100321	0.000000	599.000000	0.000120	100.000000	66	0.739480	1
293	616523864_0070166749	0.000000	599.000000	0.000350	0.000000	0	0.614410	1
294	147919015_0070163204	0.000000	599.000000	0.000000	100.000000	1	0.573600	1
295	616523864_0070175915	0.000000	599.000000	0.000060	100.000000	18	0.000000	1
296	628490767_0000000000	4.000000	599.000000	0.001240	100.000000	19	1.000000	1
297	187309105_0070219992	0.000000	599.000000	0.000000	0.000000	0	0.000000	1
298	187309105_0070219864	0.000000	599.000000	0.000000	0.000000	0	0.000000	1
299	625861117_0070064923	3.000000	599.000000	0.000580	93.000000	43	0.859790	1
300	600403406_0070138280	0.000000	599.000000	0.000010	100.000000	2	0.720660	1
301	616523864_0070138280	0.000000	599.000000	0.000000	0.000000	0	0.720660	1
302	149679173_0070188725	34.000000	599.000000	0.010250	99.000000	111	0.000000	1
303	150974709_0070096367	1.000000	599.000000	0.000450	94.000000	32	0.821480	1
304	10532354199_0070212414	0.000000	599.000000	0.000000	0.000000	0	0.000000	1
305	10176274755_0070185022	1.000000	599.000000	0.000010	100.000000	2	0.000000	1
306	151592053_0000000000	590.000000	599.000000	0.176904	98.000000	10641	1.000000	1
307	144796057_0070219864	0.000000	599.000000	0.000110	0.000000	0	0.000000	1
308	683806559_0070161976	0.000000	600.000000	0.000220	0.000000	0	0.707160	1
309	743077476_0070158286	0.000000	600.000000	0.000110	0.000000	0	0.753480	1
310	678544501_0070161976	0.000000	600.000000	0.000220	0.000000	0	0.707160	1
311	945015896_0000000000	0.000000	608.000000	0.055460	97.000000	16720	1.000000	1
312	10448543722_0070144746	3.000000	609.000000	0.001940	100.000000	1013	0.631260	1
313	661626459_0070158286	0.000000	622.599976	0.000000	0.000000	0	0.753480	1
314	623774424_0070096367	24.000000	629.000000	0.004050	100.000000	40	0.821480	1
315	619578312_0070136754	1.000000	659.000000	0.000000	100.000000	2	0.642900	1
316	619578312_0070188986	4.000000	659.000000	0.001210	100.000000	146	0.000000	1
317	619578312_0070207109	0.000000	659.000000	0.000000	100.000000	1	0.000000	1
318	146422535_0070109003	1.000000	668.000000	0.000590	100.000000	20	0.769620	1
319	158878699_0070140183	0.000000	668.000000	0.000010	100.000000	8	0.724300	1
320	10491950399_0070085046	6.000000	669.000000	0.001600	99.000000	1047	0.859280	1
321	167564534_0070144003	1.000000	678.000000	0.000400	0.000000	0	0.633580	1
322	10162379968_0070177476	1.000000	679.000000	0.000470	100.000000	20	0.000000	1
323	176296295_0070144003	0.000000	688.000000	0.000000	0.000000	0	0.633580	1
324	10547293166_0070176665	0.000000	689.000000	0.000000	0.000000	0	0.000000	1
325	743081231_0070158286	0.000000	689.000000	0.000000	0.000000	0	0.753480	1
326	191232316_0070207109	2.000000	694.000000	0.000820	100.000000	1	0.000000	1
327	128710409_0070188986	0.000000	694.000000	0.000000	100.000000	146	0.000000	1
328	661626469_0070158286	0.000000	695.799988	0.000000	0.000000	0	0.753480	1
329	10395367022_0070203510	8.000000	699.000000	0.004100	100.000000	83	0.000000	1
330	141662777_0070188725	8.000000	699.000000	0.003150	100.000000	80	0.000000	1
331	651718551_0070085046	15.000000	699.000000	0.003330	99.000000	1047	0.859280	1
332	652838295_0070203510	19.000000	699.000000	0.009290	100.000000	88	0.000000	1
333	656032093_0070188725	14.000000	699.000000	0.006640	100.000000	93	0.000000	1
334	10559576610_0070212414	1.000000	699.000000	0.000000	0.000000	0	0.000000	1
335	10555970105_0070145003	0.000000	699.000000	0.000000	0.000000	0	0.712790	1
336	619578312_0000000000	252.000000	699.000000	0.032180	100.000000	63	1.000000	1
337	191470692_0000000000	1073.000000	699.000000	0.296220	98.000000	17950	1.000000	1
338	165982904_0070203772	0.000000	699.000000	0.000000	0.000000	0	0.000000	1
339	170104531_0070219864	0.000000	699.000000	0.000000	0.000000	0	0.000000	1
340	121278628_0070163191	1.000000	699.000000	0.000430	100.000000	2	0.783330	1
341	10176310766_0070135076	0.000000	699.000000	0.000000	0.000000	0	0.692000	1
342	170104531_0070163204	0.000000	699.000000	0.000000	0.000000	0	0.573600	1
343	835999312_0070173359	0.000000	699.000000	0.000000	0.000000	0	0.000000	1
344	651718550_0070212595	0.000000	699.000000	0.000000	0.000000	0	0.000000	1
345	170104531_0070092638	0.000000	699.000000	0.000010	100.000000	2	0.714650	1
346	10176310766_0070089953	0.000000	699.000000	0.000000	0.000000	0	0.776410	1
347	642408002_0070162791	3.000000	699.000000	0.000590	100.000000	35	0.715290	1
348	147919015_0070219992	0.000000	699.000000	0.000000	0.000000	0	0.000000	1
349	10132890590_0070207109	0.000000	699.000000	0.000000	0.000000	0	0.000000	1
350	660530860_0070219992	0.000000	699.000000	0.000000	0.000000	0	0.000000	1
351	172397504_0070188725	39.000000	699.000000	0.013990	100.000000	107	0.000000	1
352	165324154_0070219992	0.000000	699.000000	0.000000	0.000000	0	0.000000	1
353	149658643_0070188725	15.000000	699.000000	0.006010	100.000000	99	0.000000	1
354	180137771_0070147891	0.000000	699.000000	0.000000	0.000000	0	0.843190	1
355	10132890590_0070188986	0.000000	699.000000	0.000170	0.000000	0	0.000000	1
356	826257692_0070188725	245.000000	699.000000	0.100450	100.000000	159	0.000000	1
357	604128324_0070085856	0.000000	699.000000	0.000000	0.000000	0	0.675380	1
358	10560593096_0070219110	0.000000	699.000000	0.000000	0.000000	0	0.000000	1
359	617158310_0070064923	0.000000	699.000000	0.000010	100.000000	4	0.859790	1
360	628490767_0070154218	1.000000	699.000000	0.000440	100.000000	9	0.750040	1
361	190874992_0070188725	40.000000	699.000000	0.012860	100.000000	121	0.000000	1
362	655895904_0070163191	5.000000	699.000000	0.001390	99.000000	1450	0.783330	1
363	854228994_0070173359	0.000000	699.000000	0.000000	0.000000	0	0.000000	1
364	826257692_0070163191	3.000000	699.000000	0.001930	100.000000	18	0.783330	1
365	10118835996_0070163191	1.000000	699.000000	0.000130	100.000000	6	0.783330	1
366	128780560_0070203510	11.000000	699.000000	0.006060	100.000000	84	0.000000	1
367	651718551_0070147891	0.000000	719.000000	0.000000	0.000000	0	0.843190	1
368	10560593209_0070219110	0.000000	719.000000	0.000000	0.000000	0	0.000000	1
369	10491950534_0070207849	0.000000	778.700012	0.000110	0.000000	0	0.000000	1
370	10491964492_0070207849	0.000000	778.700012	0.000000	0.000000	0	0.000000	1
371	10491950510_0070207849	0.000000	778.700012	0.000000	0.000000	0	0.000000	1
372	10483930419_0070207849	0.000000	778.700012	0.000000	0.000000	0	0.000000	1
373	10491942811_0070207849	0.000000	778.700012	0.000000	0.000000	0	0.000000	1
374	762090152_0070173359	0.000000	780.000000	0.000000	0.000000	0	0.000000	1
375	10163426792_0000000000	4.000000	780.000000	0.000690	100.000000	4	1.000000	1
376	147919015_0070132193	0.000000	799.000000	0.000010	100.000000	1	0.751350	1
377	861229481_0070065350	0.000000	799.000000	0.000160	99.000000	193	0.721510	1
378	165324154_0070068137	0.000000	799.000000	0.000000	0.000000	0	0.628210	1
379	10396265164_0070163191	1.000000	799.000000	0.000460	0.000000	0	0.783330	1
380	10132890590_0070212595	0.000000	799.000000	0.000000	0.000000	0	0.000000	1
381	10164017516_0070185022	0.000000	799.000000	0.000000	0.000000	0	0.000000	1
382	142813233_0070147891	0.000000	859.000000	0.000000	0.000000	0	0.843190	1
383	167557040_0070144003	0.000000	868.000000	0.000010	100.000000	2	0.633580	1
384	188777139_0070140183	0.000000	868.000000	0.000000	100.000000	8	0.724300	1
385	694024807_0070158286	0.000000	887.000000	0.000000	0.000000	0	0.753480	1
386	682191458_0070161976	1.000000	898.000000	0.000000	0.000000	0	0.707160	1
387	809897465_0070173359	0.000000	898.000000	0.000000	0.000000	0	0.000000	1
388	667250973_0070161976	0.000000	898.000000	0.000170	0.000000	0	0.707160	1
389	665027229_0070161976	0.000000	898.000000	0.000000	0.000000	0	0.707160	1
390	667250974_0070161976	0.000000	898.000000	0.000000	0.000000	0	0.707160	1
391	147919015_0070068137	0.000000	899.000000	0.000010	100.000000	1	0.628210	1
392	142813233_0070154218	0.000000	899.000000	0.000180	0.000000	0	0.750040	1
393	129125604_0070085046	0.000000	918.000000	0.000000	100.000000	1	0.859280	1
394	129125604_0070134364	1.000000	929.000000	0.000000	100.000000	0	0.704330	1
395	661670846_0070158286	0.000000	946.599976	0.000000	0.000000	0	0.753480	1
396	838910785_0070173359	0.000000	968.000000	0.000000	0.000000	0	0.000000	1
397	675977635_0070161976	0.000000	968.000000	0.000000	0.000000	0	0.707160	1
398	673626981_0070161976	0.000000	968.000000	0.000000	0.000000	0	0.707160	1
399	806481579_0070173359	0.000000	968.000000	0.000110	0.000000	0	0.000000	1
400	10547293219_0070176665	0.000000	968.000000	0.000000	0.000000	0	0.000000	1
401	188851181_0070140183	0.000000	968.000000	0.000010	100.000000	8	0.724300	1
402	690475150_0070158286	0.000000	987.000000	0.000000	0.000000	0	0.753480	1
403	660529514_0070161976	0.000000	998.000000	0.000000	0.000000	0	0.707160	1
404	776684151_0070173359	0.000000	998.000000	0.000000	0.000000	0	0.000000	1
405	648539295_0000000000	172.000000	999.000000	0.060720	98.000000	17950	1.000000	1
406	691902062_0070212595	0.000000	999.000000	0.000000	0.000000	0	0.000000	1
407	651807753_0070203510	61.000000	999.000000	0.031620	100.000000	125	0.000000	1
408	691902062_0070207109	0.000000	999.000000	0.000000	100.000000	1	0.000000	1
409	691902062_0070154218	0.000000	999.000000	0.000010	100.000000	2	0.750040	1
410	622002006_0070203510	21.000000	999.000000	0.011670	100.000000	84	0.000000	1
411	10560593049_0070219110	0.000000	999.000000	0.000000	0.000000	0	0.000000	1
412	652838294_0070188725	66.000000	999.000000	0.082670	99.000000	142	0.000000	1
413	691902062_0070188986	0.000000	999.000000	0.000000	100.000000	146	0.000000	1
414	615912812_0070132193	0.000000	999.000000	0.000000	0.000000	0	0.751350	1
415	824326281_0070163191	19.000000	999.000000	0.007800	99.000000	1450	0.783330	1
416	10541193104_0070211950	2.000000	999.000000	0.000500	0.000000	0	0.000000	1
417	191511038_0070188725	7.000000	999.000000	0.004090	100.000000	105	0.000000	1
418	808173772_0070163191	2.000000	999.000000	0.001230	100.000000	7	0.783330	1
419	743095261_0070158286	0.000000	1000.000000	0.000000	0.000000	0	0.753480	1
420	678338512_0070161976	0.000000	1000.000000	0.000000	0.000000	0	0.707160	1
421	165324154_0000000000	3.000000	1029.000000	0.001510	99.000000	922	1.000000	1
422	10491950399_0070207849	0.000000	1038.699951	0.000000	0.000000	0	0.000000	1
423	178618595_0070138762	0.000000	1088.000000	0.000000	100.000000	0	0.689580	1
424	665391918_0070161976	0.000000	1119.000000	0.000000	0.000000	0	0.707160	1
425	850776349_0070176665	0.000000	1119.000000	0.000000	0.000000	0	0.000000	1
426	667976770_0070161976	0.000000	1119.000000	0.000000	0.000000	0	0.707160	1
427	10011829691_0070173359	0.000000	1119.000000	0.000000	0.000000	0	0.000000	1
428	678568247_0070161976	0.000000	1180.000000	0.000000	0.000000	0	0.707160	1
429	821196702_0070173359	0.000000	1180.000000	0.000000	0.000000	0	0.000000	1
430	683596116_0070161976	0.000000	1180.000000	0.000000	0.000000	0	0.707160	1
431	667261369_0070161976	0.000000	1180.000000	0.000000	0.000000	0	0.707160	1
432	743072960_0070158286	0.000000	1180.000000	0.000000	0.000000	0	0.753480	1
433	743052608_0070158286	0.000000	1180.000000	0.000000	0.000000	0	0.753480	1
434	743076790_0070158286	0.000000	1186.000000	0.000000	0.000000	0	0.753480	1
435	678563690_0070161976	0.000000	1186.000000	0.000000	0.000000	0	0.707160	1
436	824966117_0070176665	0.000000	1186.000000	0.000000	0.000000	0	0.000000	1
437	683736913_0070161976	0.000000	1186.000000	0.000110	0.000000	0	0.707160	1
438	762083944_0070173359	0.000000	1260.000000	0.000000	0.000000	0	0.000000	1
439	773491637_0070173359	0.000000	1260.000000	0.000000	0.000000	0	0.000000	1
440	767309481_0070173359	0.000000	1260.000000	0.000000	0.000000	0	0.000000	1
441	770135526_0070173359	0.000000	1260.000000	0.000000	0.000000	0	0.000000	1
442	760343582_0070173359	0.000000	1260.000000	0.000000	0.000000	0	0.000000	1
443	178622003_0070138762	0.000000	1288.000000	0.000000	100.000000	0	0.689580	1
444	830186324_0070176665	0.000000	1289.000000	0.000000	100.000000	1	0.000000	1
445	829830457_0070173359	0.000000	1289.000000	0.000000	0.000000	0	0.000000	1
446	10483947925_0070207849	0.000000	1298.699951	0.000000	0.000000	0	0.000000	1
447	10491946745_0070207849	0.000000	1298.699951	0.000000	0.000000	0	0.000000	1
448	171268831_0000000000	637.000000	1299.000000	0.164808	98.000000	85733	1.000000	1
449	127672709_0070163191	2.000000	1299.000000	0.000300	95.000000	22	0.783330	1
450	175993920_0070140183	0.000000	1380.000000	0.000010	0.000000	0	0.724300	1
451	125448474_0070067504	1.000000	1380.000000	0.000180	100.000000	19	0.770790	1
452	10095324581_0070169620	5.000000	1399.000000	0.002316	100.000000	73	0.000000	1
453	188927263_0070140183	1.000000	1480.000000	0.000770	100.000000	8	0.724300	1
454	623731164_0070162791	1.000000	1499.000000	0.000090	100.000000	18	0.715290	1
455	145362488_0070069161	0.000000	1558.000000	0.000030	100.000000	2	0.668050	1
456	775497404_0070173359	0.000000	1590.000000	0.000000	0.000000	0	0.000000	1
457	782299568_0070173359	0.000000	1590.000000	0.000000	0.000000	0	0.000000	1
458	779041236_0070173359	0.000000	1590.000000	0.000110	0.000000	0	0.000000	1
459	719694175_0000000000	322.000000	1599.000000	0.071856	98.000000	17950	1.000000	1
460	10164013537_0070185022	0.000000	1599.000000	0.000000	0.000000	0	0.000000	1
461	10073186921_0000000000	2.000000	1599.000000	0.001340	99.000000	922	1.000000	1
462	614383226_0070163191	7.000000	1599.000000	0.002508	100.000000	8	0.783330	1
463	625161785_0070188725	27.000000	1599.000000	0.020730	100.000000	122	0.000000	1
464	146549509_0070163191	1.000000	1599.000000	0.000110	0.000000	0	0.783330	1
465	861230263_0070065350	0.000000	1599.000000	0.000150	99.000000	193	0.721510	1
466	10073186921_0070166749	0.000000	1599.000000	0.000000	0.000000	0	0.614410	1
467	153355171_0070188725	19.000000	1599.000000	0.008370	100.000000	86	0.000000	1
468	606708320_0070203510	137.000000	1599.000000	0.139008	99.000000	483	0.000000	1
469	10532243690_0070212414	0.000000	1599.000000	0.000000	0.000000	0	0.000000	1
470	141740439_0070067504	0.000000	1798.000000	0.000012	100.000000	19	0.770790	1
471	695685461_0070158286	0.000000	1869.000000	0.000000	0.000000	0	0.753480	1
472	690474778_0070158286	0.000000	1869.000000	0.000000	0.000000	0	0.753480	1
473	675981575_0070161976	0.000000	1880.000000	0.000220	0.000000	0	0.707160	1
474	188932330_0070140183	0.000000	1880.000000	0.000000	100.000000	8	0.724300	1
475	676204044_0070161976	0.000000	1880.000000	0.000000	0.000000	0	0.707160	1
476	842510947_0070176665	0.000000	1880.000000	0.000550	0.000000	0	0.000000	1
477	679699423_0070116977	0.000000	1880.000000	0.000048	100.000000	78	0.728850	1
478	829173972_0070173359	0.000000	1888.000000	0.000000	0.000000	0	0.000000	1
479	773273492_0070173359	0.000000	1888.000000	0.000000	0.000000	0	0.000000	1
480	667252210_0070161976	0.000000	1888.000000	0.000000	0.000000	0	0.707160	1
481	10184273104_0070169620	0.000000	1899.000000	0.000000	100.000000	73	0.000000	1
482	108317876_0000000000	17.000000	1899.000000	0.009470	94.000000	2973	1.000000	1
483	108317876_0070214496	4.000000	1899.000000	0.003790	100.000000	1	0.000000	1
484	695666822_0070158286	0.000000	1949.000000	0.000000	0.000000	0	0.753480	1
485	675986338_0070161976	0.000000	1960.000000	0.000000	0.000000	0	0.707160	1
486	667245192_0070161976	0.000000	1960.000000	0.000000	0.000000	0	0.707160	1
487	141741607_0070067504	0.000000	1968.000000	0.000024	100.000000	19	0.770790	1
488	680828809_0070161976	0.000000	1978.000000	0.000000	0.000000	0	0.707160	1
489	679656184_0070161976	0.000000	1978.000000	0.000000	0.000000	0	0.707160	1
490	743081906_0070158286	0.000000	1978.000000	0.000000	0.000000	0	0.753480	1
491	743058383_0070158286	0.000000	1978.000000	0.000000	0.000000	0	0.753480	1
492	831697150_0070176665	0.000000	1978.000000	0.000000	0.000000	0	0.000000	1
493	824965928_0070176665	0.000000	1980.000000	0.000000	0.000000	0	0.000000	1
494	767242416_0070173359	0.000000	2000.000000	0.000000	0.000000	0	0.000000	1
495	178623957_0070138762	0.000000	2088.000000	0.000000	100.000000	0	0.689580	1
496	108318812_0070214496	4.000000	2190.000000	0.003340	100.000000	1	0.000000	1
497	161476345_0070116977	0.000000	2350.000000	0.000264	100.000000	78	0.728850	1
498	762080023_0070173359	0.000000	2360.000000	0.000000	0.000000	0	0.000000	1
499	108318812_0000000000	1.000000	2399.000000	0.004880	94.000000	2973	1.000000	1
500	675325974_0070170368	0.000000	2550.000000	0.001050	99.000000	576	0.000000	1
501	10491950500_0070207849	0.000000	2598.699951	0.000000	0.000000	0	0.000000	1
502	10545243804_0070188725	12.000000	2599.000000	0.014110	100.000000	51	0.000000	1
503	10545244753_0070203510	6.000000	2599.000000	0.009010	100.000000	31	0.000000	1
504	10548947076_0070144746	0.000000	2599.000000	0.000396	0.000000	0	0.631260	1
505	10534506206_0000000000	100.000000	2599.000000	0.067620	99.000000	224	1.000000	1
506	10547212778_0070163191	0.000000	2599.000000	0.000020	100.000000	1	0.783330	1
507	675107023_0070161976	0.000000	2669.000000	0.000000	0.000000	0	0.707160	1
508	743087777_0070158286	0.000000	2669.000000	0.000000	0.000000	0	0.753480	1
509	159366926_0070069161	0.000000	2680.000000	0.000000	0.000000	0	0.668050	1
510	176715202_0070144003	0.000000	2688.000000	0.000000	0.000000	0	0.633580	1
511	10184264017_0070169620	0.000000	2698.000000	0.000000	100.000000	73	0.000000	1
512	676112917_0070161976	0.000000	2880.000000	0.000000	0.000000	0	0.707160	1
513	743091707_0070158286	0.000000	2880.000000	0.000000	0.000000	0	0.753480	1
514	10083695114_0070161976	0.000000	2880.600098	0.000000	0.000000	0	0.707160	1
515	10155396253_0000000000	12.000000	2999.000000	0.009588	98.000000	17950	1.000000	1
516	624026182_0000000000	2.000000	2999.000000	0.001900	99.000000	126	1.000000	1
517	681089318_0070161976	0.000000	3760.000000	0.000000	0.000000	0	0.707160	1
518	10011876071_0070173359	0.000000	3760.000000	0.000000	0.000000	0	0.000000	1
519	674386145_0070161976	0.000000	3760.000000	0.000000	0.000000	0	0.707160	1
520	743070786_0070158286	0.000000	3760.000000	0.000000	0.000000	0	0.753480	1
521	10543508676_0070163191	1.000000	3999.000000	0.000020	0.000000	0	0.783330	1
522	826206368_0070163191	2.000000	3999.000000	0.000276	96.000000	28	0.783330	1
523	10363671296_0070188725	15.000000	3999.000000	0.027490	100.000000	115	0.000000	1
524	683585233_0070161976	0.000000	4999.000000	0.000000	0.000000	0	0.707160	1
525	743053700_0070158286	0.000000	4999.000000	0.000000	0.000000	0	0.753480	1
526	145363708_0070069161	0.000000	6599.000000	0.000010	100.000000	4	0.668050	1
527	675972860_0070161976	0.000000	6680.000000	0.000000	0.000000	0	0.707160	1
528	667241306_0070161976	0.000000	6680.000000	0.000000	0.000000	0	0.707160	1
529	682143821_0070161976	0.000000	6680.000000	0.000000	0.000000	0	0.707160	1
530	690473044_0070158286	0.000000	6789.000000	0.000000	0.000000	0	0.753480	1
531	145365724_0070069161	0.000000	6800.000000	0.000000	0.000000	0	0.668050	1
532	675103927_0070161976	0.000000	6800.000000	0.000000	0.000000	0	0.707160	1
533	145366938_0070069161	0.000000	8499.000000	0.000000	100.000000	1	0.668050	1
534	690473732_0070158286	0.000000	8789.000000	0.000000	0.000000	0	0.753480	1
535	676096932_0070161976	0.000000	8800.000000	0.000000	0.000000	0	0.707160	1
536	676107174_0070161976	0.000000	8980.000000	0.000000	0.000000	0	0.707160	1
537	743088775_0070158286	0.000000	8980.000000	0.000000	0.000000	0	0.753480	1
538	743091195_0070158286	0.000000	11998.000000	0.000000	0.000000	0	0.753480	1
539	675101779_0070161976	0.000000	11998.000000	0.000000	0.000000	0	0.707160	1
540	682081965_0070161976	0.000000	11998.000000	0.000000	0.000000	0	0.707160	1
541	765460093_0070173359	0.000000	14800.000000	0.000000	0.000000	0	0.000000	1
542	682055641_0070161976	0.000000	99999.000000	0.000000	0.000000	0	0.707160	2
	1
